[gd_scene load_steps=3 format=3 uid="uid://chhfjicw0xvlp"]

[ext_resource type="Script" uid="uid://m56wnwn24ndp" path="res://Scripts/Sabot.cs" id="1_pfw1l"]
[ext_resource type="PackedScene" uid="uid://d2bfhm42ttedi" path="res://Objects/Bullets/Player.Buckshot.tscn" id="2_afcv3"]

[node name="ShotgunShell" type="Node3D"]
script = ExtResource("1_pfw1l")

[node name="Bullet4" parent="." instance=ExtResource("2_afcv3")]
transform = Transform3D(0.997564, 0, 0.0697565, 0, 1, 0, -0.0697565, 0, 0.997564, 0, 0, 0)

[node name="Bullet5" parent="." instance=ExtResource("2_afcv3")]
transform = Transform3D(0.997564, 0, -0.0697565, 0, 1, 0, 0.0697565, 0, 0.997564, 0, 0, 0)

[node name="Bullet2" parent="." instance=ExtResource("2_afcv3")]
transform = Transform3D(1, 0, 0, 0, 0.997564, -0.0697565, 0, 0.0697565, 0.997564, 0, 0, 0)

[node name="Bullet3" parent="." instance=ExtResource("2_afcv3")]
transform = Transform3D(1, 0, 0, 0, 0.997564, 0.0697565, 0, -0.0697565, 0.997564, 0, 0, 0)

[node name="Bullet" parent="." instance=ExtResource("2_afcv3")]

[node name="Bullet6" parent="." instance=ExtResource("2_afcv3")]
transform = Transform3D(0.999048, 0.00190265, 0.0435779, 0, 0.999048, -0.0436194, -0.0436194, 0.0435779, 0.998097, 0, 0, 0)

[node name="Bullet7" parent="." instance=ExtResource("2_afcv3")]
transform = Transform3D(0.999048, 0.00190265, -0.0435779, 0, 0.999048, 0.0436194, 0.0436194, -0.0435779, 0.998097, 0, 0, 0)

[node name="Bullet8" parent="." instance=ExtResource("2_afcv3")]
transform = Transform3D(0.999048, -0.00190265, -0.0435779, 0, 0.999048, -0.0436194, 0.0436194, 0.0435779, 0.998097, 0, 0, 0)

[node name="Bullet9" parent="." instance=ExtResource("2_afcv3")]
transform = Transform3D(0.999048, -0.00190265, 0.0435779, 0, 0.999048, 0.0436194, -0.0436194, -0.0435779, 0.998097, 0, 0, 0)
